Colorcount entered: 2
{1: 20, 2: 20}
Combinatorics_list [0, 0]
Reality []
Reality2 [[0, 0], [1, 0], [2, 0], [3, 0], [4, 0], [5, 0], [6, 0]]
Reality [[0, 0], [1, 0], [2, 0], [3, 0], [4, 0], [5, 0], [6, 0]]
Reality2 [[0, 0], [0, 1], [0, 2], [0, 3], [0, 4], [0, 5], [0, 6], [1, 0], [1, 1], [1, 2], [1, 3], [1, 4], [1, 5], [1, 6], [2, 0], [2, 1], [2, 2], [2, 3], [2, 4], [2, 5], [2, 6], [3, 0], [3, 1], [3, 2], [3, 3], [3, 4], [3, 5], [3, 6], [4, 0], [4, 1], [4, 2], [4, 3], [4, 4], [4, 5], [4, 6], [5, 0], [5, 1], [5, 2], [5, 3], [5, 4], [5, 5], [5, 6], [6, 0], [6, 1], [6, 2], [6, 3], [6, 4], [6, 5], [6, 6]]
[[0, 2], [0, 3], [0, 4], [0, 5], [0, 6], [1, 1], [1, 2], [1, 3], [1, 4], [1, 5], [1, 6], [2, 0], [2, 1], [2, 2], [2, 3], [2, 4], [2, 5], [3, 0], [3, 1], [3, 2], [3, 3], [3, 4], [4, 0], [4, 1], [4, 2], [4, 3], [5, 0], [5, 1], [5, 2], [6, 0], [6, 1]] Finished counting combinations
{False: 0.22252619860507086, True: 0.6334824731261589}
Combinatorics_list [0, 0]
Reality []
Reality2 [[0, 0], [1, 0], [2, 0], [3, 0], [4, 0]]
Reality [[0, 0], [1, 0], [2, 0], [3, 0], [4, 0]]
Reality2 [[0, 0], [0, 1], [0, 2], [0, 3], [0, 4], [1, 0], [1, 1], [1, 2], [1, 3], [1, 4], [2, 0], [2, 1], [2, 2], [2, 3], [2, 4], [3, 0], [3, 1], [3, 2], [3, 3], [3, 4], [4, 0], [4, 1], [4, 2], [4, 3], [4, 4]]
[[0, 0], [0, 1], [0, 2], [0, 3], [0, 4], [1, 0], [1, 1], [1, 2], [1, 3], [1, 4], [2, 0], [2, 1], [2, 2], [2, 3], [3, 0], [3, 1], [3, 2], [4, 0], [4, 1]] Finished counting combinations
[[0, 0], [0, 1], [0, 2], [0, 3], [0, 4], [1, 0], [1, 1], [1, 2], [1, 3], [1, 4], [2, 0], [2, 1], [2, 2], [2, 3], [3, 0], [3, 1], [3, 2], [4, 0], [4, 1]]
[[0, 0], [0, 1], [0, 2], [0, 3], [0, 4], [1, 0], [1, 1], [1, 2], [1, 3], [1, 4], [2, 0], [2, 1], [2, 2], [2, 3], [3, 0], [3, 1], [3, 2], [4, 0], [4, 1]]
['0_2', '0_3', '0_4', '0_5', '0_6', '1_1', '1_2', '1_3', '1_4', '1_5', '1_6', '2_0', '2_1', '2_2', '2_3', '2_4', '2_5', '3_0', '3_1', '3_2', '3_3', '3_4', '4_0', '4_1', '4_2', '4_3', '5_0', '5_1', '5_2', '6_0', '6_1']
[1, 2] ['0', '2']
Basics [1, 2]
0_2
[20, 18]
Test [20, 18, 54]
Wait 0_2 0.06389543390088401
SCHLEIFE BEGIN
2841046192000
[0, 0, 5] [20, 18, 54] 5
[2841046192000, 2841046192192, 140708573442984]
0.06430855417176574
[0, 2] ['0', '2'] [0, 0, 5] new_total_lands, previous_combination, Combination
[2840374227968, 2841046192256, 2841046192000] new_total_lands, previous_combination, Combination
False



2841044730944
[0, 1, 4] [20, 18, 54] 5
[2841044730944, 2841046192192, 140708573442984]
0.11575539750918096
[0, 3] ['0', '2'] [0, 1, 4] new_total_lands, previous_combination, Combination
[2840374227968, 2841046192256, 2841044730944] new_total_lands, previous_combination, Combination
False



2841045441728
[0, 2, 3] [20, 18, 54] 5
[2841045441728, 2841046192192, 140708573442984]
0.07717026500612123
[0, 4] ['0', '2'] [0, 2, 3] new_total_lands, previous_combination, Combination
[2840374227968, 2841046192256, 2841045441728] new_total_lands, previous_combination, Combination
False



2841046158848
[0, 3, 2] [20, 18, 54] 5
[2841046158848, 2841046192192, 140708573442984]
0.023744696924960267
[0, 5] ['0', '2'] [0, 3, 2] new_total_lands, previous_combination, Combination
[2840374227968, 2841046192256, 2841046158848] new_total_lands, previous_combination, Combination
False



2841046159104
[0, 4, 1] [20, 18, 54] 5
[2841046159104, 2841046192192, 140708573442984]
0.0033600986214565934
[0, 6] ['0', '2'] [0, 4, 1] new_total_lands, previous_combination, Combination
[2840374227968, 2841046192256, 2841046159104] new_total_lands, previous_combination, Combination
False



2841046159168
[1, 0, 4] [20, 18, 54] 5
[2841046159168, 2841046192192, 140708573442984]
0.12861710834353446
[1, 2] ['0', '2'] [1, 0, 4] new_total_lands, previous_combination, Combination
[2840374227968, 2841046192256, 2841046159168] new_total_lands, previous_combination, Combination
True



2841046159232
[1, 1, 3] [20, 18, 54] 5
[2841046159232, 2841046192192, 140708573442984]
0.18157709413205003
[1, 3] ['0', '2'] [1, 1, 3] new_total_lands, previous_combination, Combination
[2840374227968, 2841046192256, 2841046159232] new_total_lands, previous_combination, Combination
True



2841046159296
[1, 2, 2] [20, 18, 54] 5
[2841046159296, 2841046192192, 140708573442984]
0.08904261346860072
[1, 4] ['0', '2'] [1, 2, 2] new_total_lands, previous_combination, Combination
[2840374227968, 2841046192256, 2841046159296] new_total_lands, previous_combination, Combination
True



2841046159488
[1, 3, 1] [20, 18, 54] 5
[2841046159488, 2841046192192, 140708573442984]
0.017920525981101814
[1, 5] ['0', '2'] [1, 3, 1] new_total_lands, previous_combination, Combination
[2840374227968, 2841046192256, 2841046159488] new_total_lands, previous_combination, Combination
True



2841046159552
[1, 4, 0] [20, 18, 54] 5
[2841046159552, 2841046192192, 140708573442984]
0.0012444809709098639
[1, 6] ['0', '2'] [1, 4, 0] new_total_lands, previous_combination, Combination
[2840374227968, 2841046192256, 2841046159552] new_total_lands, previous_combination, Combination
True



2841046159616
[2, 0, 3] [20, 18, 54] 5
[2841046159616, 2841046192192, 140708573442984]
0.09583235523635981
[2, 2] ['0', '2'] [2, 0, 3] new_total_lands, previous_combination, Combination
[2840374227968, 2841046192256, 2841046159616] new_total_lands, previous_combination, Combination
True



2841046159680
[2, 1, 2] [20, 18, 54] 5
[2841046159680, 2841046192192, 140708573442984]
0.0995182150531422
[2, 3] ['0', '2'] [2, 1, 2] new_total_lands, previous_combination, Combination
[2840374227968, 2841046192256, 2841046159680] new_total_lands, previous_combination, Combination
True



2841045442048
[2, 2, 1] [20, 18, 54] 5
[2841045442048, 2841046192192, 140708573442984]
0.03192093690383763
[2, 4] ['0', '2'] [2, 2, 1] new_total_lands, previous_combination, Combination
[2840374227968, 2841046192256, 2841045442048] new_total_lands, previous_combination, Combination
True



2839691748288
[2, 3, 0] [20, 18, 54] 5
[2839691748288, 2841046192192, 140708573442984]
0.0031526851263049926
[2, 5] ['0', '2'] [2, 3, 0] new_total_lands, previous_combination, Combination
[2840374227968, 2841046192256, 2839691748288] new_total_lands, previous_combination, Combination
True



2841044662720
[3, 0, 2] [20, 18, 54] 5
[2841044662720, 2841046192192, 140708573442984]
0.033172738351047365
[3, 2] ['0', '2'] [3, 0, 2] new_total_lands, previous_combination, Combination
[2840374227968, 2841046192256, 2841044662720] new_total_lands, previous_combination, Combination
True



2841044735552
[3, 1, 1] [20, 18, 54] 5
[2841044735552, 2841046192192, 140708573442984]
0.022532426049767705
[3, 3] ['0', '2'] [3, 1, 1] new_total_lands, previous_combination, Combination
[2840374227968, 2841046192256, 2841044735552] new_total_lands, previous_combination, Combination
True



2841044731968
[3, 2, 0] [20, 18, 54] 5
[2841044731968, 2841046192192, 140708573442984]
0.0035467707670931116
[3, 4] ['0', '2'] [3, 2, 0] new_total_lands, previous_combination, Combination
[2840374227968, 2841046192256, 2841044731968] new_total_lands, previous_combination, Combination
True



2841044734720
[4, 0, 1] [20, 18, 54] 5
[2841044734720, 2841046192192, 140708573442984]
0.005320156150639607
[4, 2] ['0', '2'] [4, 0, 1] new_total_lands, previous_combination, Combination
[2840374227968, 2841046192256, 2841044734720] new_total_lands, previous_combination, Combination
True



2840377466112
[4, 1, 0] [20, 18, 54] 5
[2840377466112, 2841046192192, 140708573442984]
0.0017733853835465556
[4, 3] ['0', '2'] [4, 1, 0] new_total_lands, previous_combination, Combination
[2840374227968, 2841046192256, 2840377466112] new_total_lands, previous_combination, Combination
True



SCHLEIFE Ende
[1, 2] ['0', '3']
Basics [1, 2]
0_3
[20, 17]
Test [20, 17, 55]
Wait 0_3 0.034852054855027806
SCHLEIFE BEGIN
2841046192000
[0, 0, 5, 0] [20, 17, 55] 5
[2841046192000, 2841046192256, 140708573442984]
